<?xml version="1.0" encoding="UTF-8" standalone="no"?>
<!DOCTYPE svg PUBLIC "-//W3C//DTD SVG 20010904//EN"
              "http://www.w3.org/TR/2001/REC-SVG-20010904/DTD/svg10.dtd">

<svg xmlns="http://www.w3.org/2000/svg"
     width="1.38889in" height="1.38889in"
     viewBox="0 0 100 100">
  <path id="Selection #2"
        fill="none" stroke="black" stroke-width="1"
        d="M 32.00,10.00
           C 32.00,10.00 82.00,10.00 82.00,10.00
             92.66,10.02 93.98,11.34 94.00,22.00
             94.00,22.00 94.00,61.00 94.00,61.00
             94.00,64.67 94.57,73.92 92.83,76.77
             90.56,80.48 85.75,79.99 82.00,80.00
             82.00,80.00 24.00,80.00 24.00,80.00
             19.13,80.00 7.75,81.46 5.02,76.85
             3.81,74.80 4.00,71.35 4.00,69.00
             4.00,69.00 4.00,42.00 4.00,42.00
             4.00,42.00 4.00,20.00 4.00,20.00
             4.03,15.51 3.65,14.12 7.15,11.02
             12.46,9.13 25.73,10.00 32.00,10.00 Z
           M 16.10,29.96
           C 16.10,29.96 40.00,49.35 40.00,49.35
             43.24,51.80 46.67,54.59 51.00,53.47
             54.27,52.63 59.27,48.38 62.00,46.20
             67.23,42.03 78.98,33.40 82.79,28.99
             84.95,26.49 89.01,19.90 85.40,17.02
             83.83,15.77 79.98,16.00 78.00,16.00
             78.00,16.00 36.00,16.00 36.00,16.00
             30.40,16.00 18.11,15.44 13.31,16.60
             8.68,20.53 12.81,26.47 16.10,29.96 Z
           M 10.00,64.00
           C 10.00,66.19 9.79,69.84 11.02,71.69
             12.75,74.27 16.27,73.98 19.00,74.00
             19.00,74.00 58.00,74.00 58.00,74.00
             58.00,74.00 80.00,74.00 80.00,74.00
             82.14,73.96 84.77,74.04 86.40,72.40
             88.32,70.48 87.99,66.54 88.00,64.00
             88.00,64.00 88.00,35.00 88.00,35.00
             88.00,35.00 65.00,52.79 65.00,52.79
             61.12,55.84 55.99,60.07 51.00,60.79
             44.10,61.77 39.04,57.61 34.00,53.60
             34.00,53.60 11.00,35.00 11.00,35.00
             9.10,39.80 9.99,57.77 10.00,64.00 Z" />
</svg>
