<?xml version="1.0" encoding="UTF-8" standalone="no"?>
<!DOCTYPE svg PUBLIC "-//W3C//DTD SVG 20010904//EN"
              "http://www.w3.org/TR/2001/REC-SVG-20010904/DTD/svg10.dtd">

<svg xmlns="http://www.w3.org/2000/svg"
     width="4.16667in" height="2.77778in"
     viewBox="0 0 300 200">
  <path id="Selection #1"
        fill="none" stroke="black" stroke-width="1"
        d="M 107.00,49.79
           C 117.88,42.12 117.18,36.44 123.04,37.68
             127.77,38.69 136.64,45.66 146.00,43.72
             152.63,42.35 150.92,38.18 158.00,37.00
             157.97,40.28 158.03,42.84 156.87,46.00
             151.13,61.55 132.60,58.53 120.00,56.00
             120.00,56.00 120.00,76.00 120.00,76.00
             120.00,76.00 146.00,76.00 146.00,76.00
             145.52,79.08 144.11,86.14 141.49,87.98
             139.09,89.67 123.83,89.00 120.00,89.00
             120.00,89.00 120.00,136.00 120.00,136.00
             119.99,140.41 120.01,143.76 118.44,148.00
             112.20,164.88 87.65,171.78 72.00,177.00
             67.08,178.64 54.15,183.76 50.00,183.87
             44.43,184.00 36.30,179.07 31.00,179.32
             25.14,179.60 26.82,183.84 20.00,185.00
             20.00,185.00 20.00,181.00 20.00,181.00
             20.05,177.87 20.09,175.95 21.36,173.00
             27.43,158.97 41.60,162.39 53.00,166.34
             56.13,167.43 61.86,170.13 65.00,169.59
             71.92,168.41 71.99,160.40 72.00,155.00
             72.00,155.00 73.00,136.00 73.00,136.00
             73.00,136.00 73.00,90.00 73.00,90.00
             66.08,90.00 57.36,89.26 51.00,91.95
             42.15,95.70 42.98,100.37 35.00,101.00
             36.89,80.15 55.43,75.38 73.00,75.00
             73.00,75.00 73.00,60.00 73.00,60.00
             85.81,59.99 96.39,57.27 107.00,49.79 Z
           M 194.48,61.00
           C 202.76,40.13 224.49,49.02 241.00,49.00
             250.83,48.99 249.54,47.75 253.96,47.37
             255.60,47.23 257.52,47.39 258.12,49.26
             259.10,52.31 251.79,58.25 249.76,61.00
             244.20,68.56 243.01,74.86 243.00,84.00
             243.00,84.00 243.00,93.00 243.00,93.00
             243.00,93.00 248.00,139.00 248.00,139.00
             247.91,146.49 245.78,151.70 239.00,155.64
             235.85,157.46 232.52,158.28 229.00,159.00
             236.76,166.59 249.72,178.99 259.61,166.96
             260.83,165.48 261.78,163.83 262.35,162.00
             263.13,159.51 263.03,155.66 263.00,153.00
             263.00,153.00 258.08,119.00 258.08,119.00
             255.37,102.63 254.97,97.50 255.00,81.00
             255.02,69.11 258.29,58.10 269.00,51.23
             273.80,48.49 283.12,43.83 286.00,51.23
             281.69,53.03 277.56,54.52 274.21,58.10
             266.92,65.91 270.53,81.35 271.66,91.00
             275.00,113.51 284.76,145.54 271.66,166.00
             269.24,169.40 267.29,171.58 263.99,173.96
             261.11,176.03 258.36,177.52 255.00,178.64
             236.20,184.90 219.64,170.28 205.00,170.05
             193.37,169.87 194.36,178.57 186.00,180.00
             186.93,169.75 193.11,160.61 203.00,157.10
             212.38,153.77 228.27,157.06 231.78,145.00
             232.12,142.99 232.02,138.25 231.78,136.00
             231.90,127.54 228.27,114.92 219.00,112.43
             211.55,110.43 206.67,116.17 203.02,117.02
             200.67,117.56 198.73,116.53 198.73,113.94
             198.73,111.98 200.35,109.52 201.53,108.04
             207.59,100.40 216.77,98.42 226.00,98.00
             226.00,80.22 229.50,70.14 242.00,57.00
             238.81,58.27 234.28,60.32 231.00,60.79
             223.02,61.94 215.41,59.68 209.00,60.04
             198.04,60.67 200.86,68.65 193.00,70.00
             193.08,66.45 193.13,64.40 194.48,61.00 Z
           M 90.00,64.00
           C 90.00,64.00 90.00,114.00 90.00,114.00
             90.00,124.72 91.22,143.53 87.53,153.00
             85.34,158.63 82.35,161.25 79.00,166.00
             88.62,163.25 97.57,155.75 100.56,146.00
             102.58,139.41 101.66,137.21 102.09,131.00
             102.09,131.00 103.00,120.00 103.00,120.00
             103.00,120.00 103.00,61.00 103.00,61.00
             103.00,61.00 90.00,64.00 90.00,64.00 Z
           M 152.00,101.87
           C 159.71,97.47 169.50,93.09 171.00,106.00
             173.86,103.98 180.96,98.50 184.00,97.80
             190.19,96.40 189.18,102.35 199.00,100.00
             199.00,100.00 196.09,115.00 196.09,115.00
             196.09,115.00 196.09,135.00 196.09,135.00
             196.07,140.69 195.83,146.03 202.00,148.00
             200.76,155.26 193.03,157.65 189.74,153.69
             187.71,151.25 188.00,147.01 188.00,144.00
             188.00,144.00 188.00,116.00 188.00,116.00
             187.99,112.05 188.39,108.46 184.86,105.62
             183.41,104.68 181.42,103.75 180.02,105.62
             178.37,107.46 179.00,119.82 179.00,123.00
             179.00,123.00 184.00,123.00 184.00,123.00
             177.76,134.90 179.00,129.95 179.00,144.00
             179.00,144.00 184.00,144.00 184.00,144.00
             181.48,147.04 172.24,155.84 168.17,155.13
             166.42,154.82 164.23,152.54 163.06,151.27
             162.12,150.24 161.11,149.22 160.72,147.83
             160.10,145.56 161.73,142.32 162.30,140.00
             163.18,136.38 163.00,132.69 163.00,129.00
             163.00,129.00 151.00,129.00 151.00,129.00
             151.00,136.41 153.26,154.03 145.95,157.98
             142.79,159.68 129.30,159.00 125.00,159.00
             127.94,149.26 134.11,154.34 138.40,148.77
             141.82,144.34 139.09,135.69 133.91,133.89
             131.66,132.95 128.36,133.70 126.00,133.89
             127.91,127.65 130.90,127.16 137.00,127.00
             137.00,113.30 139.71,108.89 152.00,101.87 Z
           M 158.86,104.25
           C 156.07,103.18 153.72,105.71 152.73,108.04
             151.08,111.97 150.41,122.00 152.00,126.00
             155.81,122.24 157.90,123.00 163.00,123.00
             163.00,118.62 163.80,106.13 158.86,104.25 Z
           M 171.00,123.00
           C 171.00,123.00 177.00,123.00 177.00,123.00
             177.00,123.00 177.00,106.00 177.00,106.00
             169.78,109.66 171.00,110.64 171.00,123.00 Z
           M 145.28,121.00
           C 144.05,131.44 146.77,141.95 143.00,152.00
             149.74,149.85 148.99,143.03 149.00,137.00
             149.00,137.00 149.00,109.00 149.00,109.00
             145.55,112.74 145.87,116.07 145.28,121.00 Z
           M 171.00,129.00
           C 171.00,133.97 170.87,139.08 172.06,143.94
             172.41,145.40 173.38,148.15 175.46,146.83
             177.83,145.33 177.00,132.11 177.00,129.00
             177.00,129.00 171.00,129.00 171.00,129.00 Z
           M 78.00,166.00
           C 78.00,166.00 79.00,167.00 79.00,167.00
             79.00,167.00 79.00,166.00 79.00,166.00
             79.00,166.00 78.00,166.00 78.00,166.00 Z" />
</svg>
