<?xml version="1.0" encoding="UTF-8" standalone="no"?>
<!DOCTYPE svg PUBLIC "-//W3C//DTD SVG 20010904//EN"
              "http://www.w3.org/TR/2001/REC-SVG-20010904/DTD/svg10.dtd">

<svg xmlns="http://www.w3.org/2000/svg"
     width="1.38889in" height="1.38889in"
     viewBox="0 0 100 100">
  <path id="Selection #1"
        fill="none" stroke="black" stroke-width="1"
        d="M 69.00,12.19
           C 75.47,12.92 78.27,16.53 81.29,16.71
             83.75,16.86 89.53,14.05 92.00,13.00
             92.00,13.00 88.00,22.00 88.00,22.00
             88.00,22.00 94.00,21.00 94.00,21.00
             91.12,27.09 88.01,28.03 86.02,32.00
             84.64,34.77 85.15,38.00 84.83,41.00
             84.41,44.92 82.69,50.37 81.13,54.00
             74.51,69.43 60.89,81.27 44.00,83.85
             44.00,83.85 29.00,83.85 29.00,83.85
             21.81,83.91 9.84,81.60 6.00,75.00
             15.22,76.45 22.29,73.96 30.00,69.00
             22.00,66.20 17.53,63.56 15.00,55.00
             15.00,55.00 21.00,55.00 21.00,55.00
             12.53,52.11 9.42,45.47 9.00,37.00
             9.00,37.00 15.00,39.00 15.00,39.00
             8.34,30.78 7.15,24.53 12.00,15.00
             25.40,25.71 30.28,32.47 49.00,34.00
             46.55,21.59 56.33,10.76 69.00,12.19 Z
           M 87.00,22.00
           C 87.00,22.00 88.00,23.00 88.00,23.00
             88.00,23.00 88.00,22.00 88.00,22.00
             88.00,22.00 87.00,22.00 87.00,22.00 Z" />
</svg>
